0,430
0,429
0,428
0,427
0,426
0,425
0,424
0,423
0,422
45,3
45,2
0,421
45,1
45,0
0,420
0,419
0,418
0,417
44,5
0,416
0,415
0,414
0,413
44,4
0,412
44,3
44,2
44,1
44,0
0,411
0,410
43,4
43,3
43,2
43,1
43,0
42,3
42,2
42,1
42,0
41,3
41,2
41,1
41,0
0,409
0,408
40,4
40,3
40,2
40,1
40,0
39,3
39,2
39,1
39,0
0,407
0,406
0,405
0,404
0,403
0,402
0,401
0,386
0,278
0,9
3,2
3,1
3,3
10,213
10,9
10,107
10,101
10,133
10,249
10,279
10,2
10,3
11,23
11,7
9,7
9,2
9,3
8,6
8,14
8,12
8,7
29,3
29,2
29,1
29,0
28,5
28,4
28,3
28,2
